%%MatrixMarket matrix array real general
1400 1
0.98560393765740217376
0.99590460747388742657
0.99846836907737579470
0.99922382065091530645
0.99950997577676548023
0.99968874482276559590
0.99980291813386545918
0.99987326233028417377
0.99990799576847211316
0.99993176915447301578
0.99995108168479385213
0.99996452238833788417
0.99997281391083137070
0.99997815084359609195
0.99998287809030927953
0.99998669711001408889
0.99998987565173447223
0.99999201346703836535
0.99999362122323676161
0.99999502448339006033
0.99999604617343107460
0.99999671028189529576
0.99999729104772794308
0.99999774255031004255
0.99999815832424587825
0.99999841670318578846
0.99999863892330598247
0.99999883587832805176
0.99999901360122400718
0.99999916298775581858
0.99999928685971872788
0.99999939546353466824
0.99999949051494008145
0.99999957095329305989
0.99999964382216033343
0.99999968743406608684
0.99999972986360641247
0.99999976391123035491
0.99999979385520065822
0.99999982050025149061
0.99999984356032312061
0.99999986252793182651
0.99999987818828039998
0.99999989207614758957
0.99999990385174630791
0.99999991389183018331
0.99999992347874944176
0.99999993174759149728
0.99999993939142706179
0.99999994522723745227
0.99999995088401016918
0.99999995618593962021
0.99999996061558915628
0.99999996449092942719
0.99999996824793047079
0.99999997136880769411
0.99999997402262119639
0.99999997636834547787
0.99999997847958188579
0.99999998021425007266
0.99999998179126514675
0.99999998326125272285
0.99999998452371796631
0.99999998568783476927
0.99999998668910106137
0.99999998764423780884
0.99999998854226501699
0.99999998932016997966
0.99999999007877660162
0.99999999076491319361
0.99999999140086115457
0.99999999199580713594
0.99999999253036941926
0.99999999302228181897
0.99999999341794054697
0.99999999380696336093
0.99999999415086937571
0.99999999447269372066
0.99999999477647016910
0.99999999507418546596
0.99999999535377848137
0.99999999562180552637
0.99999999584350340864
0.99999999605383149692
0.99999999624931257269
0.99999999642695747148
0.99999999659869320823
0.99999999675210637928
0.99999999689399143854
0.99999999702533048929
0.99999999715195453387
0.99999999727626498469
0.99999999739190037484
0.99999999749869239452
0.99999999760149704819
0.99999999769620218082
0.99999999778539505613
0.99999999787186155675
0.99999999795413829773
0.99999999803212058502
0.99999999810354256446
0.99999999816998486057
0.99999999823529261977
0.99999999829674479646
0.99999999835512454194
0.99999999841213926821
0.99999999846592801944
0.99999999851768006653
0.99999999856796095710
0.99999999861668198431
0.99999999866310518293
0.99999999870703393245
0.99999999874684486478
0.99999999878577372492
0.99999999882430035125
0.99999999886247425973
0.99999999889954693799
0.99999999893506974491
0.99999999896917135533
0.99999999900256708596
0.99999999903330649698
0.99999999906327341481
0.99999999909279913002
0.99999999912133685775
0.99999999914788151312
0.99999999917348858514
0.99999999919772653012
0.99999999922107052353
0.99999999924381199889
0.99999999926551386142
0.99999999928688831918
0.99999999930723060260
0.99999999932684779935
0.99999999934547034730
0.99999999936389849520
0.99999999938147154932
0.99999999939826589301
0.99999999941458961317
0.99999999943017026105
0.99999999944473361158
0.99999999945848516703
0.99999999947185691518
0.99999999948499440627
0.99999999949781437358
0.99999999951009077570
0.99999999952214535526
0.99999999953396345731
0.99999999954525875534
0.99999999955644947036
0.99999999956717544602
0.99999999957746810164
0.99999999958762453289
0.99999999959749719114
0.99999999960695529211
0.99999999961625807288
0.99999999962527974517
0.99999999963418473303
0.99999999964292263233
0.99999999965124442003
0.99999999965936647861
0.99999999966738206680
0.99999999967513719668
0.99999999968279684737
0.99999999969010211487
0.99999999969730590799
0.99999999970437736252
0.99999999971121267262
0.99999999971786690534
0.99999999972436359741
0.99999999973071374004
0.99999999973691144906
0.99999999974293152238
0.99999999974885034337
0.99999999975455866608
0.99999999976000897295
0.99999999976529785339
0.99999999977040998633
0.99999999977546993879
0.99999999978030396086
0.99999999978505249576
0.99999999978969389414
0.99999999979423248586
0.99999999979857423504
0.99999999980275644518
0.99999999980687870327
0.99999999981092868584
0.99999999981485432343
0.99999999981866471988
0.99999999982244014429
0.99999999982608411830
0.99999999982965093182
0.99999999983315646102
0.99999999983662735126
0.99999999984000664810
0.99999999984326781721
0.99999999984649445839
0.99999999984962251176
0.99999999985270493497
0.99999999985567611382
0.99999999985856380391
0.99999999986131116181
0.99999999986400922580
0.99999999986662468920
0.99999999986922039064
0.99999999987174204019
0.99999999987422227843
0.99999999987660248557
0.99999999987895549225
0.99999999988128218664
0.99999999988356447211
0.99999999988577437104
0.99999999988795662542
0.99999999989007548606
0.99999999989212340346
0.99999999989412002854
0.99999999989609322792
0.99999999989805166134
0.99999999989998078487
0.99999999990177701470
0.99999999990352028689
0.99999999990524224280
0.99999999990694388163
0.99999999990861054844
0.99999999991024046686
0.99999999991186128145
0.99999999991345300820
0.99999999991496901774
0.99999999991647581243
0.99999999991791965748
0.99999999991935584198
0.99999999992075705446
0.99999999992215604649
0.99999999992349664080
0.99999999992482069278
0.99999999992613131106
0.99999999992743038302
0.99999999992868315868
0.99999999992989452302
0.99999999993107546725
0.99999999993224075734
0.99999999993339505622
0.99999999993454058433
0.99999999993563915002
0.99999999993669397291
0.99999999993773769358
0.99999999993875698934
0.99999999993975197121
0.99999999994072918952
0.99999999994169108675
0.99999999994262223080
0.99999999994353516719
0.99999999994443256046
0.99999999994532851044
0.99999999994620558663
0.99999999994706179063
0.99999999994790622626
0.99999999994872657005
0.99999999994954125171
0.99999999995034960509
0.99999999995112387463
0.99999999995189459145
0.99999999995265687058
0.99999999995339217129
0.99999999995411947840
0.99999999995480770565
0.99999999995549104792
0.99999999995616484227
0.99999999995681509990
0.99999999995745847414
0.99999999995809196740
0.99999999995871680092
0.99999999995933142038
0.99999999995993371638
0.99999999996052635343
0.99999999996111210709
0.99999999996168620342
0.99999999996224930854
0.99999999996278554626
0.99999999996331645491
0.99999999996384147938
0.99999999996435673388
0.99999999996486121923
0.99999999996536137470
0.99999999996585242634
0.99999999996633448518
0.99999999996680555281
0.99999999996727306772
0.99999999996773503153
0.99999999996819333159
0.99999999996864596952
0.99999999996909205713
0.99999999996952626535
0.99999999996995259099
0.99999999997037314348
0.99999999997078570235
0.99999999997119637385
0.99999999997159616516
0.99999999997198074642
0.99999999997236133087
0.99999999997273902874
0.99999999997310662359
0.99999999997347099878
0.99999999997383093309
0.99999999997418631548
0.99999999997453625777
0.99999999997487964976
0.99999999997521804573
0.99999999997555022446
0.99999999997587696310
0.99999999997619770653
0.99999999997651378703
0.99999999997682420538
0.99999999997713351352
0.99999999997743549418
0.99999999997773236782
0.99999999997802480056
0.99999999997830901766
0.99999999997858723955
0.99999999997886346303
0.99999999997913657790
0.99999999997940669516
0.99999999997967226051
0.99999999997993704870
0.99999999998019362124
0.99999999998044630800
0.99999999998069588614
0.99999999998094390996
0.99999999998118394018
0.99999999998141964053
0.99999999998165156612
0.99999999998188127126
0.99999999998210642449
0.99999999998232991238
0.99999999998254929245
0.99999999998276545288
0.99999999998297961490
0.99999999998318844785
0.99999999998339461627
0.99999999998359700992
0.99999999998379784927
0.99999999998399791146
0.99999999998419442093
0.99999999998438782178
0.99999999998458011241
0.99999999998476918339
0.99999999998495403553
0.99999999998513400268
0.99999999998531297063
0.99999999998548971814
0.99999999998566246884
0.99999999998583311012
0.99999999998600330731
0.99999999998616984076
0.99999999998633404275
0.99999999998649635735
0.99999999998665678458
0.99999999998681499136
0.99999999998697108872
0.99999999998712552074
0.99999999998727762129
0.99999999998742761242
0.99999999998757627129
0.99999999998772237664
0.99999999998786781585
0.99999999998801225587
0.99999999998815425339
0.99999999998829336434
0.99999999998842925564
0.99999999998856248240
0.99999999998869459894
0.99999999998882538321
0.99999999998895294784
0.99999999998907818100
0.99999999998920185984
0.99999999998932354028
0.99999999998944444357
0.99999999998956468072
0.99999999998968214232
0.99999999998979638427
0.99999999998991029315
0.99999999999002175954
0.99999999999013111651
0.99999999999023936326
0.99999999999034727693
0.99999999999045441346
0.99999999999055932953
0.99999999999066224721
0.99999999999076416568
0.99999999999086275349
0.99999999999096111925
0.99999999999105815274
0.99999999999115507521
0.99999999999124999928
0.99999999999134436823
0.99999999999143818208
0.99999999999152977548
0.99999999999161925945
0.99999999999170718912
0.99999999999179378651
0.99999999999187905164
0.99999999999196165223
0.99999999999204391976
0.99999999999212529911
0.99999999999220645641
0.99999999999228672554
0.99999999999236577342
0.99999999999244393312
0.99999999999252064953
0.99999999999259636674
0.99999999999267163986
0.99999999999274558071
0.99999999999281830032
0.99999999999289090891
0.99999999999296274034
0.99999999999303335052
0.99999999999310340559
0.99999999999317157329
0.99999999999323840871
0.99999999999330435596
0.99999999999336974810
0.99999999999343403001
0.99999999999349731272
0.99999999999355881908
0.99999999999361965930
0.99999999999368049952
0.99999999999374045156
0.99999999999379918236
0.99999999999385735805
0.99999999999391409045
0.99999999999396993466
0.99999999999402466866
0.99999999999407851448
0.99999999999413224927
0.99999999999418509589
0.99999999999423760944
0.99999999999428945685
0.99999999999434063813
0.99999999999439104226
0.99999999999444066923
0.99999999999448929699
0.99999999999453703659
0.99999999999458444311
0.99999999999463129452
0.99999999999467681366
0.99999999999472177770
0.99999999999476629764
0.99999999999481004043
0.99999999999485345015
0.99999999999489608271
0.99999999999493838221
0.99999999999498012659
0.99999999999502098280
0.99999999999506172799
0.99999999999510147397
0.99999999999514121996
0.99999999999518063287
0.99999999999521882454
0.99999999999525657213
0.99999999999529365358
0.99999999999533029094
0.99999999999536648421
0.99999999999540190032
0.99999999999543653928
0.99999999999547084517
0.99999999999550504004
0.99999999999553912389
0.99999999999557231956
0.99999999999560473807
0.99999999999563693454
0.99999999999566901998
0.99999999999570088338
0.99999999999573196963
0.99999999999576272280
0.99999999999579280985
0.99999999999582267485
0.99999999999585187371
0.99999999999588051747
0.99999999999590849509
0.99999999999593636169
0.99999999999596400624
0.99999999999599109568
0.99999999999601796308
0.99999999999604438639
0.99999999999607058765
0.99999999999609623380
0.99999999999612154689
0.99999999999614641588
0.99999999999617117385
0.99999999999619559876
0.99999999999621969060
0.99999999999624367142
0.99999999999626720815
0.99999999999629052283
0.99999999999631350445
0.99999999999633593095
0.99999999999635824643
0.99999999999638022885
0.99999999999640210024
0.99999999999642363857
0.99999999999644484383
0.99999999999646604909
0.99999999999648692128
0.99999999999650768245
0.99999999999652788851
0.99999999999654798355
0.99999999999656796756
0.99999999999658750749
0.99999999999660671435
0.99999999999662581018
0.99999999999664468397
0.99999999999666344674
0.99999999999668187645
0.99999999999670008410
0.99999999999671773665
0.99999999999673538920
0.99999999999675270868
0.99999999999676991713
0.99999999999678701457
0.99999999999680400098
0.99999999999682076535
0.99999999999683730767
0.99999999999685362795
0.99999999999686983720
0.99999999999688593544
0.99999999999690181163
0.99999999999691735475
0.99999999999693278685
0.99999999999694799691
0.99999999999696309594
0.99999999999697797293
0.99999999999699251685
0.99999999999700694975
0.99999999999702138265
0.99999999999703559350
0.99999999999704980436
0.99999999999706379317
0.99999999999707755993
0.99999999999709132670
0.99999999999710487142
0.99999999999711830512
0.99999999999713151677
0.99999999999714461740
0.99999999999715760701
0.99999999999717048560
0.99999999999718325316
0.99999999999719590971
0.99999999999720845523
0.99999999999722077870
0.99999999999723310218
0.99999999999724520361
0.99999999999725730504
0.99999999999726929545
0.99999999999728106381
0.99999999999729272115
0.99999999999730437850
0.99999999999731581379
0.99999999999732702705
0.99999999999733824030
0.99999999999734934253
0.99999999999736033374
0.99999999999737110290
0.99999999999738176104
0.99999999999739241918
0.99999999999740285528
0.99999999999741329137
0.99999999999742361645
0.99999999999743394152
0.99999999999744415558
0.99999999999745425860
0.99999999999746425061
0.99999999999747424262
0.99999999999748401258
0.99999999999749378254
0.99999999999750344148
0.99999999999751310042
0.99999999999752264834
0.99999999999753208524
0.99999999999754152213
0.99999999999755084801
0.99999999999756006286
0.99999999999756927771
0.99999999999757838154
0.99999999999758748537
0.99999999999759658920
0.99999999999760558200
0.99999999999761446379
0.99999999999762334557
0.99999999999763211633
0.99999999999764077607
0.99999999999764943581
0.99999999999765798453
0.99999999999766653325
0.99999999999767497094
0.99999999999768340864
0.99999999999769173531
0.99999999999769995096
0.99999999999770816661
0.99999999999771638226
0.99999999999772448689
0.99999999999773248049
0.99999999999774036308
0.99999999999774824566
0.99999999999775612824
0.99999999999776389981
0.99999999999777167137
0.99999999999777933191
0.99999999999778699245
0.99999999999779465298
0.99999999999780220250
0.99999999999780975202
0.99999999999781730153
0.99999999999782474003
0.99999999999783217852
0.99999999999783950599
0.99999999999784672244
0.99999999999785393889
0.99999999999786104432
0.99999999999786814975
0.99999999999787514415
0.99999999999788213856
0.99999999999788913296
0.99999999999789601635
0.99999999999790289973
0.99999999999790978311
0.99999999999791655547
0.99999999999792321681
0.99999999999792987815
0.99999999999793653949
0.99999999999794320082
0.99999999999794986216
0.99999999999795641248
0.99999999999796296279
0.99999999999796951311
0.99999999999797606343
0.99999999999798250272
0.99999999999798894201
0.99999999999799538131
0.99999999999800170958
0.99999999999800803785
0.99999999999801436612
0.99999999999802069439
0.99999999999802691164
0.99999999999803312889
0.99999999999803934614
0.99999999999804556339
0.99999999999805166961
0.99999999999805777584
0.99999999999806388207
0.99999999999806998829
0.99999999999807598350
0.99999999999808197870
0.99999999999808797391
0.99999999999809385809
0.99999999999809974227
0.99999999999810562645
0.99999999999811151064
0.99999999999811739482
0.99999999999812327900
0.99999999999812905216
0.99999999999813482532
0.99999999999814059848
0.99999999999814626062
0.99999999999815192275
0.99999999999815758489
0.99999999999816324703
0.99999999999816890917
0.99999999999817457130
0.99999999999818023344
0.99999999999818578456
0.99999999999819133567
0.99999999999819688679
0.99999999999820243790
0.99999999999820787799
0.99999999999821331809
0.99999999999821875818
0.99999999999822419827
0.99999999999822963836
0.99999999999823507846
0.99999999999824051855
0.99999999999824584762
0.99999999999825117669
0.99999999999825650576
0.99999999999826183483
0.99999999999826716390
0.99999999999827249297
0.99999999999827771102
0.99999999999828292907
0.99999999999828814712
0.99999999999829336517
0.99999999999829858321
0.99999999999830380126
0.99999999999830890829
0.99999999999831401531
0.99999999999831912234
0.99999999999832422937
0.99999999999832933639
0.99999999999833444342
0.99999999999833955044
0.99999999999834465747
0.99999999999834965347
0.99999999999835464948
0.99999999999835964548
0.99999999999836464148
0.99999999999836963749
0.99999999999837463349
0.99999999999837962950
0.99999999999838451448
0.99999999999838939946
0.99999999999839428444
0.99999999999839916942
0.99999999999840405440
0.99999999999840893938
0.99999999999841382436
0.99999999999841870935
0.99999999999842348331
0.99999999999842825726
0.99999999999843303122
0.99999999999843780518
0.99999999999844257914
0.99999999999844735310
0.99999999999845212706
0.99999999999845690102
0.99999999999846156395
0.99999999999846622689
0.99999999999847088983
0.99999999999847555276
0.99999999999848021570
0.99999999999848487864
0.99999999999848954157
0.99999999999849420451
0.99999999999849886745
0.99999999999850341936
0.99999999999850797128
0.99999999999851252319
0.99999999999851707511
0.99999999999852162702
0.99999999999852617893
0.99999999999853073085
0.99999999999853528276
0.99999999999853972366
0.99999999999854416455
0.99999999999854860544
0.99999999999855304633
0.99999999999855748722
0.99999999999856192812
0.99999999999856636901
0.99999999999857080990
0.99999999999857525079
0.99999999999857969168
0.99999999999858413258
0.99999999999858846245
0.99999999999859279232
0.99999999999859712219
0.99999999999860145206
0.99999999999860578193
0.99999999999861011180
0.99999999999861444167
0.99999999999861877154
0.99999999999862310140
0.99999999999862743127
0.99999999999863176114
0.99999999999863597999
0.99999999999864019884
0.99999999999864441769
0.99999999999864863653
0.99999999999865285538
0.99999999999865707423
0.99999999999866129308
0.99999999999866551192
0.99999999999866973077
0.99999999999867394962
0.99999999999867816847
0.99999999999868227629
0.99999999999868638412
0.99999999999869049194
0.99999999999869459977
0.99999999999869870759
0.99999999999870281542
0.99999999999870692324
0.99999999999871103107
0.99999999999871513889
0.99999999999871924672
0.99999999999872335454
0.99999999999872746237
0.99999999999873157019
0.99999999999873556700
0.99999999999873956380
0.99999999999874356060
0.99999999999874755741
0.99999999999875155421
0.99999999999875555101
0.99999999999875954781
0.99999999999876354462
0.99999999999876754142
0.99999999999877142720
0.99999999999877531298
0.99999999999877919876
0.99999999999878308454
0.99999999999878697032
0.99999999999879085610
0.99999999999879474188
0.99999999999879862767
0.99999999999880251345
0.99999999999880639923
0.99999999999881028501
0.99999999999881417079
0.99999999999881805657
0.99999999999882194235
0.99999999999882571711
0.99999999999882949187
0.99999999999883326662
0.99999999999883704138
0.99999999999884081614
0.99999999999884459090
0.99999999999884836566
0.99999999999885214041
0.99999999999885591517
0.99999999999885968993
0.99999999999886346469
0.99999999999886723945
0.99999999999887101421
0.99999999999887478896
0.99999999999887845270
0.99999999999888211644
0.99999999999888578017
0.99999999999888944391
0.99999999999889310764
0.99999999999889677138
0.99999999999890043512
0.99999999999890409885
0.99999999999890776259
0.99999999999891142632
0.99999999999891509006
0.99999999999891875380
0.99999999999892241753
0.99999999999892597025
0.99999999999892952296
0.99999999999893307567
0.99999999999893662839
0.99999999999894018110
0.99999999999894373381
0.99999999999894728653
0.99999999999895083924
0.99999999999895439196
0.99999999999895794467
0.99999999999896149738
0.99999999999896505010
0.99999999999896860281
0.99999999999897215552
0.99999999999897559722
0.99999999999897903891
0.99999999999898248060
0.99999999999898592229
0.99999999999898936398
0.99999999999899280567
0.99999999999899624736
0.99999999999899968905
0.99999999999900313075
0.99999999999900657244
0.99999999999901001413
0.99999999999901345582
0.99999999999901689751
0.99999999999902033920
0.99999999999902366987
0.99999999999902700054
0.99999999999903033121
0.99999999999903366188
0.99999999999903699255
0.99999999999904032322
0.99999999999904365389
0.99999999999904698456
0.99999999999905031522
0.99999999999905364589
0.99999999999905697656
0.99999999999906030723
0.99999999999906363790
0.99999999999906696857
0.99999999999907029924
0.99999999999907351889
0.99999999999907673853
0.99999999999907995818
0.99999999999908317783
0.99999999999908639747
0.99999999999908961712
0.99999999999909283677
0.99999999999909605641
0.99999999999909927606
0.99999999999910249571
0.99999999999910571535
0.99999999999910893500
0.99999999999911215465
0.99999999999911537429
0.99999999999911859394
0.99999999999912170257
0.99999999999912481119
0.99999999999912791981
0.99999999999913102844
0.99999999999913413706
0.99999999999913724569
0.99999999999914035431
0.99999999999914346294
0.99999999999914657156
0.99999999999914968019
0.99999999999915278881
0.99999999999915589743
0.99999999999915900606
0.99999999999916211468
0.99999999999916522331
0.99999999999916833193
0.99999999999917144056
0.99999999999917443816
0.99999999999917743576
0.99999999999918043336
0.99999999999918343097
0.99999999999918642857
0.99999999999918942617
0.99999999999919242377
0.99999999999919542137
0.99999999999919841898
0.99999999999920141658
0.99999999999920441418
0.99999999999920741178
0.99999999999921040938
0.99999999999921340699
0.99999999999921640459
0.99999999999921940219
0.99999999999922239979
0.99999999999922528637
0.99999999999922817295
0.99999999999923105953
0.99999999999923394611
0.99999999999923683269
0.99999999999923971927
0.99999999999924260585
0.99999999999924549243
0.99999999999924837901
0.99999999999925126559
0.99999999999925415217
0.99999999999925703875
0.99999999999925992533
0.99999999999926281191
0.99999999999926569849
0.99999999999926858507
0.99999999999927136063
0.99999999999927413619
0.99999999999927691174
0.99999999999927968730
0.99999999999928246286
0.99999999999928523842
0.99999999999928801397
0.99999999999929078953
0.99999999999929356509
0.99999999999929634065
0.99999999999929911620
0.99999999999930189176
0.99999999999930466732
0.99999999999930744288
0.99999999999931021843
0.99999999999931299399
0.99999999999931576955
0.99999999999931854511
0.99999999999932132067
0.99999999999932409622
0.99999999999932676076
0.99999999999932942529
0.99999999999933208983
0.99999999999933475436
0.99999999999933741890
0.99999999999934008343
0.99999999999934274797
0.99999999999934541250
0.99999999999934807704
0.99999999999935074158
0.99999999999935340611
0.99999999999935607065
0.99999999999935873518
0.99999999999936139972
0.99999999999936406425
0.99999999999936672879
0.99999999999936939332
0.99999999999937205786
0.99999999999937461137
0.99999999999937716488
0.99999999999937971840
0.99999999999938227191
0.99999999999938482542
0.99999999999938737894
0.99999999999938993245
0.99999999999939248596
0.99999999999939503947
0.99999999999939759299
0.99999999999940014650
0.99999999999940270001
0.99999999999940525353
0.99999999999940780704
0.99999999999941036055
0.99999999999941291406
0.99999999999941546758
0.99999999999941802109
0.99999999999942057460
0.99999999999942301709
0.99999999999942545958
0.99999999999942790208
0.99999999999943034457
0.99999999999943278706
0.99999999999943522955
0.99999999999943767204
0.99999999999944011453
0.99999999999944255702
0.99999999999944499951
0.99999999999944744200
0.99999999999944988449
0.99999999999945232698
0.99999999999945476947
0.99999999999945721196
0.99999999999945965445
0.99999999999946209694
0.99999999999946453944
0.99999999999946698193
0.99999999999946942442
0.99999999999947186691
0.99999999999947419838
0.99999999999947652984
0.99999999999947886131
0.99999999999948119278
0.99999999999948352425
0.99999999999948585572
0.99999999999948818719
0.99999999999949051865
0.99999999999949285012
0.99999999999949518159
0.99999999999949751306
0.99999999999949984453
0.99999999999950217600
0.99999999999950450746
0.99999999999950683893
0.99999999999950917040
0.99999999999951150187
0.99999999999951383334
0.99999999999951616481
0.99999999999951849627
0.99999999999952082774
0.99999999999952304819
0.99999999999952526863
0.99999999999952748908
0.99999999999952970953
0.99999999999953192997
0.99999999999953415042
0.99999999999953637086
0.99999999999953859131
0.99999999999954081176
0.99999999999954303220
0.99999999999954525265
0.99999999999954747310
0.99999999999954969354
0.99999999999955191399
0.99999999999955413443
0.99999999999955635488
0.99999999999955857533
0.99999999999956079577
0.99999999999956301622
0.99999999999956523666
0.99999999999956745711
0.99999999999956967756
0.99999999999957178698
0.99999999999957389640
0.99999999999957600583
0.99999999999957811525
0.99999999999958022467
0.99999999999958233410
0.99999999999958444352
0.99999999999958655295
0.99999999999958866237
0.99999999999959077179
0.99999999999959288122
0.99999999999959499064
0.99999999999959710006
0.99999999999959920949
0.99999999999960131891
0.99999999999960342834
0.99999999999960553776
0.99999999999960764718
0.99999999999960975661
0.99999999999961186603
0.99999999999961386443
0.99999999999961586283
0.99999999999961786123
0.99999999999961985964
0.99999999999962185804
0.99999999999962385644
0.99999999999962585484
0.99999999999962785324
0.99999999999962985164
0.99999999999963185005
0.99999999999963384845
0.99999999999963584685
0.99999999999963784525
0.99999999999963984365
0.99999999999964184205
0.99999999999964384045
0.99999999999964583886
0.99999999999964783726
0.99999999999964983566
0.99999999999965183406
0.99999999999965383246
0.99999999999965583086
0.99999999999965782926
0.99999999999965971664
0.99999999999966160402
0.99999999999966349140
0.99999999999966537878
0.99999999999966726616
0.99999999999966915354
0.99999999999967104092
0.99999999999967292830
0.99999999999967481568
0.99999999999967670306
0.99999999999967859043
0.99999999999968047781
0.99999999999968236519
0.99999999999968425257
0.99999999999968613995
0.99999999999968802733
0.99999999999968991471
0.99999999999969180209
0.99999999999969368947
0.99999999999969557685
0.99999999999969746423
0.99999999999969935160
0.99999999999970123898
0.99999999999970312636
0.99999999999970490272
0.99999999999970667908
0.99999999999970845543
0.99999999999971023179
0.99999999999971200815
0.99999999999971378450
0.99999999999971556086
0.99999999999971733722
0.99999999999971911357
0.99999999999972088993
0.99999999999972266629
0.99999999999972444265
0.99999999999972621900
0.99999999999972799536
0.99999999999972977172
0.99999999999973154807
0.99999999999973332443
0.99999999999973510079
0.99999999999973687714
0.99999999999973865350
0.99999999999974042986
0.99999999999974220621
0.99999999999974387155
0.99999999999974553688
0.99999999999974720222
0.99999999999974886755
0.99999999999975053289
0.99999999999975219822
0.99999999999975386356
0.99999999999975552889
0.99999999999975719422
0.99999999999975885956
0.99999999999976052489
0.99999999999976219023
0.99999999999976385556
0.99999999999976552090
0.99999999999976718623
0.99999999999976885157
0.99999999999977051690
0.99999999999977218224
0.99999999999977384757
0.99999999999977551290
0.99999999999977717824
0.99999999999977884357
0.99999999999978050891
0.99999999999978217424
0.99999999999978372855
0.99999999999978528287
0.99999999999978683718
0.99999999999978839149
0.99999999999978994580
0.99999999999979150012
0.99999999999979305443
0.99999999999979460874
0.99999999999979616305
0.99999999999979771736
0.99999999999979927168
0.99999999999980082599
0.99999999999980238030
0.99999999999980393461
0.99999999999980548893
0.99999999999980704324
0.99999999999980859755
0.99999999999981015186
0.99999999999981170618
0.99999999999981326049
0.99999999999981481480
0.99999999999981636911
0.99999999999981792342
0.99999999999981947774
0.99999999999982092103
0.99999999999982236432
0.99999999999982380761
0.99999999999982525090
0.99999999999982669419
0.99999999999982813748
0.99999999999982958077
0.99999999999983102406
0.99999999999983246735
0.99999999999983391064
0.99999999999983535393
0.99999999999983679722
0.99999999999983824051
0.99999999999983968380
0.99999999999984112709
0.99999999999984257038
0.99999999999984401367
0.99999999999984545695
0.99999999999984690024
0.99999999999984834353
0.99999999999984978682
0.99999999999985123011
0.99999999999985267340
0.99999999999985411669
0.99999999999985544896
0.99999999999985678123
0.99999999999985811350
0.99999999999985944577
0.99999999999986077803
0.99999999999986211030
0.99999999999986344257
0.99999999999986477484
0.99999999999986610710
0.99999999999986743937
0.99999999999986877164
0.99999999999987010391
0.99999999999987143617
0.99999999999987276844
0.99999999999987410071
0.99999999999987543298
0.99999999999987676524
0.99999999999987809751
0.99999999999987942978
0.99999999999988076205
0.99999999999988209431
0.99999999999988342658
0.99999999999988475885
0.99999999999988609112
0.99999999999988731236
0.99999999999988853361
0.99999999999988975485
0.99999999999989097610
0.99999999999989219734
0.99999999999989341859
0.99999999999989463983
0.99999999999989586108
0.99999999999989708233
0.99999999999989830357
0.99999999999989952482
0.99999999999990074606
0.99999999999990196731
0.99999999999990318855
0.99999999999990440980
0.99999999999990563104
0.99999999999990685229
0.99999999999990807353
0.99999999999990929478
0.99999999999991051602
0.99999999999991173727
0.99999999999991295851
0.99999999999991417976
0.99999999999991528998
0.99999999999991640021
0.99999999999991751043
0.99999999999991862065
0.99999999999991973088
0.99999999999992084110
0.99999999999992195132
0.99999999999992306154
0.99999999999992417177
0.99999999999992528199
0.99999999999992639221
0.99999999999992750244
0.99999999999992861266
0.99999999999992972288
0.99999999999993083311
0.99999999999993194333
0.99999999999993305355
0.99999999999993416377
0.99999999999993527400
0.99999999999993638422
0.99999999999993749444
0.99999999999993860467
0.99999999999993971489
0.99999999999994082511
0.99999999999994182431
0.99999999999994282351
0.99999999999994382271
0.99999999999994482192
0.99999999999994582112
0.99999999999994682032
0.99999999999994781952
0.99999999999994881872
0.99999999999994981792
0.99999999999995081712
0.99999999999995181632
0.99999999999995281552
0.99999999999995381472
0.99999999999995481392
0.99999999999995581312
0.99999999999995681232
0.99999999999995781153
0.99999999999995881073
0.99999999999995980993
0.99999999999996080913
0.99999999999996169731
0.99999999999996258548
0.99999999999996347366
0.99999999999996436184
0.99999999999996525002
0.99999999999996613820
0.99999999999996702638
0.99999999999996791455
0.99999999999996880273
0.99999999999996969091
0.99999999999997057909
0.99999999999997146727
0.99999999999997235545
0.99999999999997324363
0.99999999999997413180
0.99999999999997501998
0.99999999999997590816
0.99999999999997668532
0.99999999999997746247
0.99999999999997823963
0.99999999999997901678
0.99999999999997979394
0.99999999999998057110
0.99999999999998134825
0.99999999999998212541
0.99999999999998279154
0.99999999999998345768
0.99999999999998412381
0.99999999999998478994
0.99999999999998545608
0.99999999999998612221
0.99999999999998678835
0.99999999999998734346
0.99999999999998789857
0.99999999999998845368
0.99999999999998900879
0.99999999999998956390
0.99999999999999011902
0.99999999999999067413
0.99999999999999122924
0.99999999999999167333
0.99999999999999211742
0.99999999999999256151
0.99999999999999300559
0.99999999999999344968
0.99999999999999389377
0.99999999999999433786
0.99999999999999467093
0.99999999999999500400
0.99999999999999533706
0.99999999999999567013
0.99999999999999600320
0.99999999999999633626
0.99999999999999666933
0.99999999999999700240
0.99999999999999733546
0.99999999999999766853
0.99999999999999789058
0.99999999999999811262
0.99999999999999833467
0.99999999999999855671
0.99999999999999877875
0.99999999999999900080
0.99999999999999922284
0.99999999999999944489
0.99999999999999966693
0.99999999999999988898
1.00000000000000000000
1.00000000000000022204
1.00000000000000044409
1.00000000000000066613
1.00000000000000088818
1.00000000000000111022
1.00000000000000133227
1.00000000000000155431
1.00000000000000177636
1.00000000000000199840
1.00000000000000222045
1.00000000000000222045
1.00000000000000222045
1.00000000000000222045
1.00000000000000222045
1.00000000000000222045
1.00000000000000222045
