%%MatrixMarket matrix array real general
1400 1
0.80550655265504134128
0.93907560833250935950
0.97570320560685597222
0.98891700343570221321
0.99300458881517206233
0.99570593964699249945
0.99713457672326666348
0.99789258887848097945
0.99850744216006315224
0.99882055948566994541
0.99906432677014767041
0.99925174404742789225
0.99939900987951701961
0.99951743512930424362
0.99960024501587685375
0.99966520171111716841
0.99972321273743902648
0.99977658743434449917
0.99981645363288063066
0.99984847679548938260
0.99987467432915722032
0.99989581954973349998
0.99991643501111038272
0.99993046517959249808
0.99994001698854084736
0.99994892993651973701
0.99995568518847510742
0.99996179227339931916
0.99996748629204346148
0.99997119684989044242
0.99997441105958184693
0.99997712216076595215
0.99997966057424381159
0.99998195534755784930
0.99998393451111922126
0.99998586605567418850
0.99998748521893676688
0.99998876754555166002
0.99998988668368971044
0.99999092541069212192
0.99999187232655517565
0.99999272628081059544
0.99999338927537351207
0.99999400186176401473
0.99999452159934276718
0.99999498150315602185
0.99999540392858443649
0.99999581607995280397
0.99999617735660906170
0.99999651559126034872
0.99999683315822363028
0.99999708648535334810
0.99999732867108859224
0.99999753463644924789
0.99999771434093287503
0.99999787918998683800
0.99999802238472212945
0.99999816285210996192
0.99999828428453618745
0.99999839685293123726
0.99999850297602232985
0.99999859713068584011
0.99999868862137741843
0.99999877421437355363
0.99999884725358489934
0.99999891876535240698
0.99999898298049849643
0.99999904282934337640
0.99999909955198007516
0.99999915370014413885
0.99999920234539385611
0.99999924687151175995
0.99999928698033846430
0.99999932390708512475
0.99999935980055276730
0.99999939435408558008
0.99999942626471871598
0.99999945587325500540
0.99999948449176334631
0.99999951229670369646
0.99999953900367855031
0.99999956262782319083
0.99999958434957203490
0.99999960510739616115
0.99999962386755592014
0.99999964119860040856
0.99999965805722090817
0.99999967438197001623
0.99999968967104324591
0.99999970445205055292
0.99999971820624655727
0.99999973100583072760
0.99999974340241548632
0.99999975481956104861
0.99999976596690942632
0.99999977581149668282
0.99999978459911964546
0.99999979310149178513
0.99999980114938946674
0.99999980838666902017
0.99999981542235660825
0.99999982220093286411
0.99999982860119951411
0.99999983476556641993
0.99999984056152901868
0.99999984626684434996
0.99999985186402995385
0.99999985708369310000
0.99999986218265768390
0.99999986720284983477
0.99999987159306047424
0.99999987587905370123
0.99999987988887162338
0.99999988384536375730
0.99999988775464720980
0.99999989129184119196
0.99999989474715156312
0.99999989812194600702
0.99999990124360516042
0.99999990423307805187
0.99999990717038089727
0.99999991001218435649
0.99999991275765642840
0.99999991546216271399
0.99999991793348252944
0.99999992035185736317
0.99999992275165339173
0.99999992496752676541
0.99999992711536789258
0.99999992922197844525
0.99999993126017516776
0.99999993320612134973
0.99999993513083429431
0.99999993698631806094
0.99999993875648729436
0.99999994046122420155
0.99999994212437159913
0.99999994370948208644
0.99999994526270574724
0.99999994672463488055
0.99999994813787196346
0.99999994947820158853
0.99999995076421333007
0.99999995204111957747
0.99999995323929180557
0.99999995442739098017
0.99999995558777832194
0.99999995670238905898
0.99999995780030848103
0.99999995887574133491
0.99999995985474643412
0.99999996080227337991
0.99999996173183669512
0.99999996265022639275
0.99999996353310549591
0.99999996439000082837
0.99999996523725154240
0.99999996602486518338
0.99999996680162694940
0.99999996756458975344
0.99999996829828041722
0.99999996902391519171
0.99999996972977889254
0.99999997039963572920
0.99999997106354621135
0.99999997169201171321
0.99999997230922155200
0.99999997291414088885
0.99999997351561364933
0.99999997409309182572
0.99999997465315582090
0.99999997519008876345
0.99999997570914000988
0.99999997622442560186
0.99999997672767226842
0.99999997721411215679
0.99999997768993609260
0.99999997814228536175
0.99999997859100242525
0.99999997903021153878
0.99999997945102270247
0.99999997986277033846
0.99999998026544145713
0.99999998065939266212
0.99999998103983722686
0.99999998141271240204
0.99999998176802906702
0.99999998210878526805
0.99999998244328913710
0.99999998277270374381
0.99999998309414428466
0.99999998341130558188
0.99999998372551368586
0.99999998403266310287
0.99999998433464309944
0.99999998462347450268
0.99999998490685215735
0.99999998518343069520
0.99999998545484414247
0.99999998571778281331
0.99999998597094164055
0.99999998622056895936
0.99999998646760246412
0.99999998670887091379
0.99999998694142189226
0.99999998716851701275
0.99999998739066575659
0.99999998761186270624
0.99999998782683519050
0.99999998804059553326
0.99999998824444435996
0.99999998844539716991
0.99999998864523054198
0.99999998883967244900
0.99999998903034581499
0.99999998921807742303
0.99999998940124024127
0.99999998958138758276
0.99999998976043780186
0.99999998993411209902
0.99999999010257911713
0.99999999027005415098
0.99999999043560106049
0.99999999059854260963
0.99999999075869216991
0.99999999091092872661
0.99999999105937731336
0.99999999120625793214
0.99999999134856731864
0.99999999148916451919
0.99999999162698571809
0.99999999176253140387
0.99999999189484800599
0.99999999202353084815
0.99999999215093338112
0.99999999227687086378
0.99999999240130055256
0.99999999252025872920
0.99999999263767669344
0.99999999275225215367
0.99999999286652718755
0.99999999297765684858
0.99999999308745479709
0.99999999319513166451
0.99999999329801425585
0.99999999339926992636
0.99999999349805057669
0.99999999359628921614
0.99999999369358860690
0.99999999378873827283
0.99999999388139060308
0.99999999397244510035
0.99999999406323791806
0.99999999415159590566
0.99999999423781038566
0.99999999432278152689
0.99999999440740672263
0.99999999449012810793
0.99999999457134536307
0.99999999465180033908
0.99999999473156453433
0.99999999481040569016
0.99999999488800994651
0.99999999496407687705
0.99999999503682246438
0.99999999510842563222
0.99999999517908144675
0.99999999524833560471
0.99999999531722016943
0.99999999538578987490
0.99999999545367213027
0.99999999552006446635
0.99999999558524899079
0.99999999564885488912
0.99999999571125097741
0.99999999577274667484
0.99999999583339038711
0.99999999589247190457
0.99999999595034527733
0.99999999600753153306
0.99999999606370382210
0.99999999611880352468
0.99999999617307655519
0.99999999622620838746
0.99999999627877234065
0.99999999633095371099
0.99999999638244740918
0.99999999643293235874
0.99999999648307880129
0.99999999653179894032
0.99999999657916438522
0.99999999662624250441
0.99999999667306105344
0.99999999671890271724
0.99999999676402262505
0.99999999680853435269
0.99999999685272156214
0.99999999689646390522
0.99999999693943675272
0.99999999698118358094
0.99999999702239017463
0.99999999706270192856
0.99999999710262554853
0.99999999714224940828
0.99999999718089738199
0.99999999721923338303
0.99999999725730748246
0.99999999729501032331
0.99999999733264599566
0.99999999736922806637
0.99999999740497202971
0.99999999744003642554
0.99999999747490098123
0.99999999750903878493
0.99999999754201895907
0.99999999757462820771
0.99999999760686075767
0.99999999763870950353
0.99999999767046887644
0.99999999770129333054
0.99999999773196912578
0.99999999776216363934
0.99999999779161563573
0.99999999782092796607
0.99999999784998139241
0.99999999787833693254
0.99999999790640636821
0.99999999793420535354
0.99999999796185856660
0.99999999798885386149
0.99999999801572292402
0.99999999804200190301
0.99999999806819028780
0.99999999809394002348
0.99999999811947570816
0.99999999814470819093
0.99999999816912865658
0.99999999819318918792
0.99999999821692042712
0.99999999824012941740
0.99999999826305929762
0.99999999828535501845
0.99999999830743635520
0.99999999832932473520
0.99999999835103581258
0.99999999837220276966
0.99999999839290965031
0.99999999841332209982
0.99999999843342479711
0.99999999845339360149
0.99999999847300469202
0.99999999849245424510
0.99999999851144050211
0.99999999853015830720
0.99999999854863841353
0.99999999856702481704
0.99999999858506849471
0.99999999860294896958
0.99999999862055399813
0.99999999863790400845
0.99999999865504873853
0.99999999867195732417
0.99999999868862132768
0.99999999870519995504
0.99999999872156719594
0.99999999873761891145
0.99999999875343881239
0.99999999876904954732
0.99999999878448819768
0.99999999879980805417
0.99999999881463152995
0.99999999882902412818
0.99999999884325885269
0.99999999885741075456
0.99999999887140411658
0.99999999888534829573
0.99999999889910540229
0.99999999891271251773
0.99999999892619040320
0.99999999893953583907
0.99999999895273494754
0.99999999896574753855
0.99999999897851765684
0.99999999899111935431
0.99999999900367253503
0.99999999901605962638
0.99999999902821046227
0.99999999904027581099
0.99999999905204783879
0.99999999906373271408
0.99999999907516012865
0.99999999908654524372
0.99999999909781722707
0.99999999910875714271
0.99999999911965142818
0.99999999913040205080
0.99999999914085524466
0.99999999915122228522
0.99999999916141424361
0.99999999917146076278
0.99999999918142423727
0.99999999919127202652
0.99999999920100390849
0.99999999921055371388
0.99999999922005655684
0.99999999922939719621
0.99999999923853433170
0.99999999924745519575
0.99999999925630467246
0.99999999926506766279
0.99999999927379945586
0.99999999928240779212
0.99999999929085381378
0.99999999929917116059
0.99999999930737981657
0.99999999931545735521
0.99999999932350269738
0.99999999933143524089
0.99999999933914751615
0.99999999934680094960
0.99999999935437922094
0.99999999936177941251
0.99999999936911487808
0.99999999937635131175
0.99999999938353578699
0.99999999939059891485
0.99999999939759132150
0.99999999940445227775
0.99999999941121864300
0.99999999941795980618
0.99999999942462847180
0.99999999943112338752
0.99999999943754069864
0.99999999944391526618
0.99999999945019635295
0.99999999945640050125
0.99999999946245887728
0.99999999946838991072
0.99999999947423290347
0.99999999948004536510
0.99999999948577189546
0.99999999949146300970
0.99999999949708850977
0.99999999950267259852
0.99999999950819373762
0.99999999951369233919
0.99999999951904139373
0.99999999952436635642
0.99999999952961937666
0.99999999953481377712
0.99999999953989782142
0.99999999954494789289
0.99999999954997587093
0.99999999955490614933
0.99999999955975304999
0.99999999956452845229
0.99999999956928109501
0.99999999957398111317
0.99999999957862772959
0.99999999958317764559
0.99999999958765639629
0.99999999959210139622
0.99999999959647656311
0.99999999960082175399
0.99999999960511276598
0.99999999960936503118
0.99999999961357677325
0.99999999961774099777
0.99999999962179098034
0.99999999962582619695
0.99999999962982721868
0.99999999963375885148
0.99999999963766639244
0.99999999964152774812
0.99999999964532149122
0.99999999964908536931
0.99999999965280450542
0.99999999965644159605
0.99999999966005048702
0.99999999966363328774
0.99999999966716690558
0.99999999967068720075
0.99999999967417363411
0.99999999967756902919
0.99999999968096031644
0.99999999968428487929
0.99999999968758768176
0.99999999969087272067
0.99999999969412289857
0.99999999969733577299
0.99999999970051589582
0.99999999970364150670
0.99999999970672359684
0.99999999970975850250
0.99999999971275677080
0.99999999971572250956
0.99999999971868325233
0.99999999972159248074
0.99999999972445663410
0.99999999972727193764
0.99999999973005448961
0.99999999973282649446
0.99999999973557673894
0.99999999973832032207
0.99999999974103692679
0.99999999974371867051
0.99999999974636666344
0.99999999974898257094
0.99999999975153841536
0.99999999975406617114
0.99999999975656816975
0.99999999975904729776
0.99999999976151643377
0.99999999976394471357
0.99999999976633302534
0.99999999976869857754
0.99999999977104969684
0.99999999977337050705
0.99999999977566378373
0.99999999977792597416
0.99999999978015796653
0.99999999978236508991
0.99999999978455567096
0.99999999978674514178
0.99999999978889531072
0.99999999979103526559
0.99999999979315257193
0.99999999979521803084
0.99999999979726739152
0.99999999979930365157
0.99999999980129972155
0.99999999980328480031
0.99999999980524212351
0.99999999980718523584
0.99999999980910825315
0.99999999981101828084
0.99999999981290044193
0.99999999981475284905
0.99999999981659870585
0.99999999981843989971
0.99999999982024301293
0.99999999982200926674
0.99999999982376874819
0.99999999982550957789
0.99999999982723619674
0.99999999982894316464
0.99999999983064380427
0.99999999983231957490
0.99999999983395071457
0.99999999983555976080
0.99999999983716358898
0.99999999983875587084
0.99999999984034193545
0.99999999984190868219
0.99999999984346732429
0.99999999984497989214
0.99999999984648724194
0.99999999984798437769
0.99999999984947174347
0.99999999985093424026
0.99999999985239351741
0.99999999985383958290
0.99999999985526877300
0.99999999985667553659
0.99999999985806997671
0.99999999985945864367
0.99999999986083665249
0.99999999986218690573
0.99999999986351562065
0.99999999986483500969
0.99999999986613719027
0.99999999986743226543
0.99999999986871990210
0.99999999986998577839
0.99999999987124321699
0.99999999987248111566
0.99999999987371424037
0.99999999987493670695
0.99999999987615229013
0.99999999987734777829
0.99999999987852716821
0.99999999987970322746
0.99999999988086363256
0.99999999988200083401
0.99999999988312826549
0.99999999988425380959
0.99999999988536769635
0.99999999988646826043
0.99999999988756138602
0.99999999988865073686
0.99999999988971921550
0.99999999989077925644
0.99999999989182397631
0.99999999989286192381
0.99999999989388999033
0.99999999989490817587
0.99999999989591892291
0.99999999989691978897
0.99999999989790400168
0.99999999989888743723
0.99999999989986443349
0.99999999990083676682
0.99999999990179566645
0.99999999990274912598
0.99999999990369337066
0.99999999990462018484
0.99999999990553212204
0.99999999990644028447
0.99999999990733612343
0.99999999990822174833
0.99999999990909782532
0.99999999990996502053
0.99999999991082655360
0.99999999991167232150
0.99999999991250831943
0.99999999991334154181
0.99999999991416688161
0.99999999991499077812
0.99999999991580190706
0.99999999991661026044
0.99999999991741050920
0.99999999991819732426
0.99999999991897670082
0.99999999991975074831
0.99999999992050725428
0.99999999992125720993
0.99999999992199928300
0.99999999992273114202
0.99999999992345434130
0.99999999992417054617
0.99999999992488042277
0.99999999992558019635
0.99999999992627663925
0.99999999992696853024
0.99999999992765375989
0.99999999992833321638
0.99999999992900978629
0.99999999992968069407
0.99999999993033972245
0.99999999993098953599
0.99999999993163768419
0.99999999993227861594
0.99999999993291255329
0.99999999993353827499
0.99999999993415855659
0.99999999993477262095
0.99999999993538180032
0.99999999993598120973
0.99999999993657351371
0.99999999993716126578
0.99999999993774468798
0.99999999993832133782
0.99999999993889676642
0.99999999993947075172
0.99999999994003552217
0.99999999994059352026
0.99999999994114707746
0.99999999994169452844
0.99999999994223864874
0.99999999994277799509
0.99999999994331234543
0.99999999994384636270
0.99999999994437482886
0.99999999994489674471
0.99999999994541555193
0.99999999994593180563
0.99999999994644084289
0.99999999994694788175
0.99999999994745203402
0.99999999994794908087
0.99999999994843968842
0.99999999994892507793
0.99999999994940835801
0.99999999994988530982
0.99999999995035793177
0.99999999995082655690
0.99999999995129140729
0.99999999995175381517
0.99999999995221122706
0.99999999995266231068
0.99999999995310751011
0.99999999995355159932
0.99999999995399158070
0.99999999995442456768
0.99999999995485500115
0.99999999995528010555
0.99999999995570387767
0.99999999995612287584
0.99999999995653898743
0.99999999995694965893
0.99999999995735733282
0.99999999995776256423
0.99999999995816313270
0.99999999995856025947
0.99999999995895316740
0.99999999995934008012
0.99999999995972399525
0.99999999996010291436
0.99999999996047617135
0.99999999996084787401
0.99999999996121824442
0.99999999996158783766
0.99999999996194832708
0.99999999996230504173
0.99999999996266042412
0.99999999996301192073
0.99999999996335964259
0.99999999996370558808
0.99999999996404753677
0.99999999996438848626
0.99999999996472532793
0.99999999996505772870
0.99999999996538879721
0.99999999996571653504
0.99999999996604216346
0.99999999996635868804
0.99999999996667454649
0.99999999996698540894
0.99999999996729227458
0.99999999996759747489
0.99999999996790178702
0.99999999996820332360
0.99999999996850019723
0.99999999996879385122
0.99999999996908617295
0.99999999996937649627
0.99999999996966515425
0.99999999996995203588
0.99999999997023403253
0.99999999997051391976
0.99999999997079325187
0.99999999997107036354
0.99999999997134270124
0.99999999997161359566
0.99999999997188160350
0.99999999997214661374
0.99999999997241062477
0.99999999997266808549
0.99999999997292543519
0.99999999997317978728
0.99999999997343258507
0.99999999997368438365
0.99999999997393318463
0.99999999997417909903
0.99999999997442479138
0.99999999997466659796
0.99999999997490685022
0.99999999997514488204
0.99999999997538102647
0.99999999997561384024
0.99999999997584376743
0.99999999997607125213
0.99999999997629607229
0.99999999997652044836
0.99999999997674415830
0.99999999997696464860
0.99999999997718114209
0.99999999997739530411
0.99999999997760624648
0.99999999997781641170
0.99999999997802591079
0.99999999997823318942
0.99999999997843747046
0.99999999997864141843
0.99999999997884392311
0.99999999997904343019
0.99999999997924216011
0.99999999997943778141
0.99999999997963207043
0.99999999997982247368
0.99999999998001243284
0.99999999998020128178
0.99999999998038746618
0.99999999998056965378
0.99999999998075128627
0.99999999998093103137
0.99999999998111011035
0.99999999998128652479
0.99999999998146171798
0.99999999998163580095
0.99999999998180910676
0.99999999998198096929
0.99999999998215138852
0.99999999998231947629
0.99999999998248689792
0.99999999998265154399
0.99999999998281408065
0.99999999998297472992
0.99999999998313515714
0.99999999998329458517
0.99999999998345223684
0.99999999998360888931
0.99999999998376476462
0.99999999998391897460
0.99999999998407151924
0.99999999998422328673
0.99999999998437283377
0.99999999998452171468
0.99999999998466970741
0.99999999998481592378
0.99999999998496058584
0.99999999998510347154
0.99999999998524535805
0.99999999998538646739
0.99999999998552624447
0.99999999998566579951
0.99999999998580446636
0.99999999998594102379
0.99999999998607735918
0.99999999998621191821
0.99999999998634525600
0.99999999998647837174
0.99999999998661015521
0.99999999998674027335
0.99999999998686883718
0.99999999998699595771
0.99999999998712085780
0.99999999998724531380
0.99999999998736810447
0.99999999998749000696
0.99999999998761013309
0.99999999998772959309
0.99999999998784772082
0.99999999998796496037
0.99999999998808175583
0.99999999998819721903
0.99999999998831101689
0.99999999998842437066
0.99999999998853716932
0.99999999998864785855
0.99999999998875821472
0.99999999998886601738
0.99999999998897359799
0.99999999998908084553
0.99999999998918687183
0.99999999998929167688
0.99999999998939625989
0.99999999998949906654
0.99999999998960042991
0.99999999998970068305
0.99999999998980082516
0.99999999998990041217
0.99999999998999844486
0.99999999999009592244
0.99999999999019273389
0.99999999999028932329
0.99999999999038435838
0.99999999999047828325
0.99999999999057120892
0.99999999999066369050
0.99999999999075539492
0.99999999999084632218
0.99999999999093625025
0.99999999999102595627
0.99999999999111444104
0.99999999999120148253
0.99999999999128774686
0.99999999999137345608
0.99999999999145849916
0.99999999999154254304
0.99999999999162592079
0.99999999999170874343
0.99999999999179123300
0.99999999999187283439
0.99999999999195354761
0.99999999999203381673
0.99999999999211353074
0.99999999999219302271
0.99999999999227096037
0.99999999999234823189
0.99999999999242528137
0.99999999999250144267
0.99999999999257727090
0.99999999999265232198
0.99999999999272648488
0.99999999999279975960
0.99999999999287247920
0.99999999999294497677
0.99999999999301680820
0.99999999999308852860
0.99999999999315936083
0.99999999999322941591
0.99999999999329891587
0.99999999999336774970
0.99999999999343591739
0.99999999999350375202
0.99999999999357125358
0.99999999999363742287
0.99999999999370281500
0.99999999999376787407
0.99999999999383271110
0.99999999999389710403
0.99999999999396049777
0.99999999999402378048
0.99999999999408628604
0.99999999999414768137
0.99999999999420829955
0.99999999999426847364
0.99999999999432842568
0.99999999999438737852
0.99999999999444588727
0.99999999999450417398
0.99999999999456190558
0.99999999999461886002
0.99999999999467548140
0.99999999999473154766
0.99999999999478705881
0.99999999999484223689
0.99999999999489652680
0.99999999999495026159
0.99999999999500344128
0.99999999999505628789
0.99999999999510902349
0.99999999999516153704
0.99999999999521305138
0.99999999999526423267
0.99999999999531474781
0.99999999999536504092
0.99999999999541466789
0.99999999999546407281
0.99999999999551314467
0.99999999999556177244
0.99999999999560940100
0.99999999999565647446
0.99999999999570310383
0.99999999999574928911
0.99999999999579525234
0.99999999999584077148
0.99999999999588595756
0.99999999999593092159
0.99999999999597510847
0.99999999999601896228
0.99999999999606259404
0.99999999999610555967
0.99999999999614830326
0.99999999999619071378
0.99999999999623234714
0.99999999999627386948
0.99999999999631494774
0.99999999999635591497
0.99999999999639654913
0.99999999999643696125
0.99999999999647648519
0.99999999999651567606
0.99999999999655431182
0.99999999999659294758
0.99999999999663080619
0.99999999999666810968
0.99999999999670530215
0.99999999999674182849
0.99999999999677824380
0.99999999999681465912
0.99999999999685040830
0.99999999999688571339
0.99999999999692057440
0.99999999999695510233
0.99999999999698940822
0.99999999999702349207
0.99999999999705724285
0.99999999999709054954
0.99999999999712352317
0.99999999999715638577
0.99999999999718880428
0.99999999999722088972
0.99999999999725275313
0.99999999999728417244
0.99999999999731525868
0.99999999999734623390
0.99999999999737698708
0.99999999999740740719
0.99999999999743760526
0.99999999999746735924
0.99999999999749689117
0.99999999999752597901
0.99999999999755495583
0.99999999999758371061
0.99999999999761224334
0.99999999999764055403
0.99999999999766864267
0.99999999999769639825
0.99999999999772393178
0.99999999999775124326
0.99999999999777799964
0.99999999999780442295
0.99999999999783040217
0.99999999999785615934
0.99999999999788180549
0.99999999999790711858
0.99999999999793220962
0.99999999999795707861
0.99999999999798150352
0.99999999999800570638
0.99999999999802979822
0.99999999999805333495
0.99999999999807642759
0.99999999999809952023
0.99999999999812205775
0.99999999999814448426
0.99999999999816668872
0.99999999999818867114
0.99999999999821043151
0.99999999999823196983
0.99999999999825306407
0.99999999999827393626
0.99999999999829447539
0.99999999999831490349
0.99999999999833522057
0.99999999999835520459
0.99999999999837485554
0.99999999999839439546
0.99999999999841382436
0.99999999999843292020
0.99999999999845190501
0.99999999999847044574
0.99999999999848887544
0.99999999999850675003
0.99999999999852440258
0.99999999999854183308
0.99999999999855904154
0.99999999999857613897
0.99999999999859301436
0.99999999999860966771
0.99999999999862598798
0.99999999999864197520
0.99999999999865796241
0.99999999999867383860
0.99999999999868949274
0.99999999999870481382
0.99999999999871991285
0.99999999999873478984
0.99999999999874944479
0.99999999999876398871
0.99999999999877842161
0.99999999999879274348
0.99999999999880684332
0.99999999999882072110
0.99999999999883448787
0.99999999999884803259
0.99999999999886146629
0.99999999999887467794
0.99999999999888766755
0.99999999999890065716
0.99999999999891342473
0.99999999999892608127
0.99999999999893862679
0.99999999999895095026
0.99999999999896305170
0.99999999999897504210
0.99999999999898669945
0.99999999999899835679
0.99999999999900990311
0.99999999999902100534
0.99999999999903210757
0.99999999999904298775
0.99999999999905375692
0.99999999999906430403
0.99999999999907474013
0.99999999999908506521
0.99999999999909527926
0.99999999999910538229
0.99999999999911537429
0.99999999999912514426
0.99999999999913491422
0.99999999999914457316
0.99999999999915423210
0.99999999999916366900
0.99999999999917299487
0.99999999999918220972
0.99999999999919120253
0.99999999999920008431
0.99999999999920885507
0.99999999999921751481
0.99999999999922606353
0.99999999999923450122
0.99999999999924293892
0.99999999999925104355
0.99999999999925903715
0.99999999999926703076
0.99999999999927491334
0.99999999999928268490
0.99999999999929034544
0.99999999999929789496
0.99999999999930533345
0.99999999999931277195
0.99999999999932009942
0.99999999999932742689
0.99999999999933464334
0.99999999999934174877
0.99999999999934863215
0.99999999999935551553
0.99999999999936228789
0.99999999999936894923
0.99999999999937561057
0.99999999999938204986
0.99999999999938848916
0.99999999999939481743
0.99999999999940103468
0.99999999999940725193
0.99999999999941335815
0.99999999999941935336
0.99999999999942534856
0.99999999999943112172
0.99999999999943689488
0.99999999999944255702
0.99999999999944810813
0.99999999999945365925
0.99999999999945909934
0.99999999999946453944
0.99999999999946986851
0.99999999999947508655
0.99999999999948019358
0.99999999999948530061
0.99999999999949029661
0.99999999999949518159
0.99999999999950006657
0.99999999999950484053
0.99999999999950961449
0.99999999999951427743
0.99999999999951894036
0.99999999999952360330
0.99999999999952815521
0.99999999999953270713
0.99999999999953714802
0.99999999999954147789
0.99999999999954580776
0.99999999999955002661
0.99999999999955424546
0.99999999999955846430
0.99999999999956257213
0.99999999999956667995
0.99999999999957067676
0.99999999999957467356
0.99999999999957867036
0.99999999999958255614
0.99999999999958633090
0.99999999999959010566
0.99999999999959388042
0.99999999999959754415
0.99999999999960120789
0.99999999999960487163
0.99999999999960853536
0.99999999999961208808
0.99999999999961552977
0.99999999999961897146
0.99999999999962241315
0.99999999999962574382
0.99999999999962907449
0.99999999999963240516
0.99999999999963573583
0.99999999999963895547
0.99999999999964217512
0.99999999999964539477
0.99999999999964861441
0.99999999999965172304
0.99999999999965483166
0.99999999999965794029
0.99999999999966093789
0.99999999999966393549
0.99999999999966693309
0.99999999999966993069
0.99999999999967281727
0.99999999999967570385
0.99999999999967859043
0.99999999999968136599
0.99999999999968414155
0.99999999999968691711
0.99999999999968969266
0.99999999999969246822
0.99999999999969524378
0.99999999999969801934
0.99999999999970068387
0.99999999999970334841
0.99999999999970601294
0.99999999999970867748
0.99999999999971123099
0.99999999999971378450
0.99999999999971633802
0.99999999999971889153
0.99999999999972144504
0.99999999999972399856
0.99999999999972655207
0.99999999999972899456
0.99999999999973143705
0.99999999999973387954
0.99999999999973632203
0.99999999999973865350
0.99999999999974098497
0.99999999999974331644
0.99999999999974564791
0.99999999999974797937
0.99999999999975031084
0.99999999999975264231
0.99999999999975486276
0.99999999999975708320
0.99999999999975930365
0.99999999999976152409
0.99999999999976374454
0.99999999999976596499
0.99999999999976818543
0.99999999999977029486
0.99999999999977240428
0.99999999999977451370
0.99999999999977662313
0.99999999999977873255
0.99999999999978084197
0.99999999999978295140
0.99999999999978506082
0.99999999999978705922
0.99999999999978905763
0.99999999999979105603
0.99999999999979305443
0.99999999999979505283
0.99999999999979705123
0.99999999999979904963
0.99999999999980104803
0.99999999999980293541
0.99999999999980482279
0.99999999999980671017
0.99999999999980859755
0.99999999999981048493
0.99999999999981237231
0.99999999999981425969
0.99999999999981614707
0.99999999999981803445
0.99999999999981981080
0.99999999999982158716
0.99999999999982336352
0.99999999999982513987
0.99999999999982691623
0.99999999999982869259
0.99999999999983046894
0.99999999999983224530
0.99999999999983402166
0.99999999999983568699
0.99999999999983735233
0.99999999999983901766
0.99999999999984068300
0.99999999999984234833
0.99999999999984401367
0.99999999999984567900
0.99999999999984734433
0.99999999999984900967
0.99999999999985056398
0.99999999999985211829
0.99999999999985367261
0.99999999999985522692
0.99999999999985678123
0.99999999999985833554
0.99999999999985988985
0.99999999999986144417
0.99999999999986299848
0.99999999999986455279
0.99999999999986610710
0.99999999999986766142
0.99999999999986910471
0.99999999999987054800
0.99999999999987199129
0.99999999999987343458
0.99999999999987487787
0.99999999999987632116
0.99999999999987776444
0.99999999999987920773
0.99999999999988065102
0.99999999999988209431
0.99999999999988353760
0.99999999999988498089
0.99999999999988631316
0.99999999999988764543
0.99999999999988897770
0.99999999999989030997
0.99999999999989164223
0.99999999999989297450
0.99999999999989430677
0.99999999999989563904
0.99999999999989697130
0.99999999999989830357
0.99999999999989963584
0.99999999999990085708
0.99999999999990207833
0.99999999999990329957
0.99999999999990452082
0.99999999999990574207
0.99999999999990696331
0.99999999999990818456
0.99999999999990940580
0.99999999999991062705
0.99999999999991184829
0.99999999999991306954
0.99999999999991429078
0.99999999999991551203
0.99999999999991673327
0.99999999999991795452
0.99999999999991906474
0.99999999999992017496
0.99999999999992128519
0.99999999999992239541
0.99999999999992350563
0.99999999999992461586
0.99999999999992572608
0.99999999999992683630
0.99999999999992794653
0.99999999999992905675
0.99999999999993016697
0.99999999999993127719
0.99999999999993238742
0.99999999999993349764
0.99999999999993449684
0.99999999999993549604
0.99999999999993649524
0.99999999999993749444
0.99999999999993849364
0.99999999999993949285
0.99999999999994049205
0.99999999999994149125
0.99999999999994249045
0.99999999999994348965
0.99999999999994448885
0.99999999999994548805
0.99999999999994648725
0.99999999999994748645
0.99999999999994848565
0.99999999999994937383
0.99999999999995026201
0.99999999999995115019
0.99999999999995203837
0.99999999999995292654
0.99999999999995381472
0.99999999999995470290
0.99999999999995559108
0.99999999999995647926
0.99999999999995736744
0.99999999999995825561
0.99999999999995914379
0.99999999999996003197
0.99999999999996092015
0.99999999999996180833
0.99999999999996269651
0.99999999999996358468
0.99999999999996436184
0.99999999999996513900
0.99999999999996591615
0.99999999999996669331
0.99999999999996747047
0.99999999999996824762
0.99999999999996902478
0.99999999999996980193
0.99999999999997057909
0.99999999999997135625
0.99999999999997213340
0.99999999999997291056
0.99999999999997368771
0.99999999999997446487
0.99999999999997524203
0.99999999999997590816
0.99999999999997657429
0.99999999999997724043
0.99999999999997790656
0.99999999999997857270
0.99999999999997923883
0.99999999999997990496
0.99999999999998057110
0.99999999999998123723
0.99999999999998190336
0.99999999999998256950
0.99999999999998323563
0.99999999999998390177
0.99999999999998456790
0.99999999999998523403
0.99999999999998590017
0.99999999999998656630
0.99999999999998712141
0.99999999999998767652
0.99999999999998823164
0.99999999999998878675
0.99999999999998934186
0.99999999999998989697
0.99999999999999045208
0.99999999999999100719
0.99999999999999156231
0.99999999999999211742
0.99999999999999267253
0.99999999999999322764
0.99999999999999378275
0.99999999999999433786
0.99999999999999489297
0.99999999999999533706
0.99999999999999578115
0.99999999999999622524
0.99999999999999666933
0.99999999999999711342
0.99999999999999755751
0.99999999999999800160
0.99999999999999844569
0.99999999999999888978
0.99999999999999933387
0.99999999999999977796
1.00000000000000022204
1.00000000000000066613
1.00000000000000088818
1.00000000000000088818
