%%MatrixMarket matrix array real general
1400 1
0.96124021398445813613
0.98641564780132695578
0.99478690662985602700
0.99745503342772257049
0.99853938118651075495
0.99921968070931910244
0.99949703007725809734
0.99964301780317221802
0.99977348980254565625
0.99986346342259257991
0.99990909200669320089
0.99994275408885824330
0.99996029526491347905
0.99997009539410819379
0.99997720331873218846
0.99998289218854830018
0.99998733547594487181
0.99998999586061232403
0.99999237237692617519
0.99999412276775412334
0.99999547519855835898
0.99999673983695869239
0.99999766697030612050
0.99999827600660196047
0.99999864842095942397
0.99999891466023094200
0.99999911737407098933
0.99999928627991840902
0.99999943254292500416
0.99999954254284628696
0.99999962444394574490
0.99999969518900588827
0.99999974670435309854
0.99999978461229177551
0.99999981606405652368
0.99999984358095306280
0.99999986508725868806
0.99999988193946809378
0.99999989521181553709
0.99999990717239251037
0.99999991778116148478
0.99999992772021861764
0.99999993572044210133
0.99999994302405270652
0.99999994952035153872
0.99999995391248508447
0.99999995807672781289
0.99999996185799933102
0.99999996523470457976
0.99999996801148260950
0.99999997064308066008
0.99999997286410768904
0.99999997498587922529
0.99999997684158437039
0.99999997853504163370
0.99999998012654700563
0.99999998152754243641
0.99999998271550738504
0.99999998383831389948
0.99999998490972530352
0.99999998591736127818
0.99999998678142942854
0.99999998762240682737
0.99999998831268566146
0.99999998892491670510
0.99999998953226909570
0.99999999006942796864
0.99999999059840638527
0.99999999110586024198
0.99999999155953700480
0.99999999198774880416
0.99999999240005987833
0.99999999278106022071
0.99999999314010734608
0.99999999344992540617
0.99999999375292458748
0.99999999403607953141
0.99999999428758090669
0.99999999453276267047
0.99999999477020540262
0.99999999498075309301
0.99999999518665094733
0.99999999538360462292
0.99999999556629404207
0.99999999572911824064
0.99999999588366783598
0.99999999603332057063
0.99999999617418411368
0.99999999630530944650
0.99999999643366932478
0.99999999655352089789
0.99999999667259364955
0.99999999677937212450
0.99999999688241858475
0.99999999698147112870
0.99999999707810971472
0.99999999717084020467
0.99999999726069455086
0.99999999734690236952
0.99999999743221956727
0.99999999750990198333
0.99999999758644331216
0.99999999766048353056
0.99999999773219860888
0.99999999780214499090
0.99999999786905491295
0.99999999793193661279
0.99999999799169969616
0.99999999804977068862
0.99999999810660322730
0.99999999816147666643
0.99999999821508045450
0.99999999826470564734
0.99999999831332786471
0.99999999835992092745
0.99999999840634090642
0.99999999845112474972
0.99999999849182141798
0.99999999853204790679
0.99999999857035837270
0.99999999860816490838
0.99999999864415045625
0.99999999867927358288
0.99999999871342415414
0.99999999874716594128
0.99999999877919432123
0.99999999881085732678
0.99999999884174173292
0.99999999887182633440
0.99999999890122714952
0.99999999893008595375
0.99999999895800739669
0.99999999898533020737
0.99999999901180858242
0.99999999903698566506
0.99999999906105829783
0.99999999908423320427
0.99999999910720616114
0.99999999912941683888
0.99999999915086679181
0.99999999917140913741
0.99999999919128601533
0.99999999921042015405
0.99999999922944016184
0.99999999924806703966
0.99999999926599314470
0.99999999928291516404
0.99999999929941707499
0.99999999931520966445
0.99999999933086991533
0.99999999934616567998
0.99999999936134720269
0.99999999937616645962
0.99999999938997485849
0.99999999940354811212
0.99999999941684158955
0.99999999942997752633
0.99999999944261008800
0.99999999945471162999
0.99999999946643114423
0.99999999947813500434
0.99999999948951856510
0.99999999950052298470
0.99999999951116058661
0.99999999952150553373
0.99999999953157425736
0.99999999954147955616
0.99999999955107210514
0.99999999956026497383
0.99999999956935881062
0.99999999957792784500
0.99999999958626573093
0.99999999959454644038
0.99999999960265806287
0.99999999961065588749
0.99999999961844354690
0.99999999962611108018
0.99999999963365970856
0.99999999964102181949
0.99999999964815833309
0.99999999965527242018
0.99999999966205854740
0.99999999966864694390
0.99999999967511477017
0.99999999968133834738
0.99999999968750041823
0.99999999969336772487
0.99999999969921660181
0.99999999970490760504
0.99999999971040542945
0.99999999971582853586
0.99999999972115205527
0.99999999972637665380
0.99999999973151121324
0.99999999973644515538
0.99999999974125841629
0.99999999974602316044
0.99999999975071918179
0.99999999975533815366
0.99999999975978326461
0.99999999976415077096
0.99999999976848086281
0.99999999977271614160
0.99999999977681353069
0.99999999978088893737
0.99999999978489184649
0.99999999978874209994
0.99999999979252762738
0.99999999979629872193
0.99999999979993836607
0.99999999980348630579
0.99999999980690246204
0.99999999981029252805
0.99999999981362852619
0.99999999981690201878
0.99999999982016429811
0.99999999982329834669
0.99999999982637111096
0.99999999982931242481
0.99999999983221987687
0.99999999983509568757
0.99999999983789367164
0.99999999984064602554
0.99999999984337095693
0.99999999984606757764
0.99999999984870313607
0.99999999985129817137
0.99999999985385290557
0.99999999985633736266
0.99999999985878840203
0.99999999986120746698
0.99999999986355858628
0.99999999986579524158
0.99999999986802290408
0.99999999987018461933
0.99999999987230558940
0.99999999987439547322
0.99999999987642884669
0.99999999987844856442
0.99999999988042664878
0.99999999988237719961
0.99999999988430221531
0.99999999988620669189
0.99999999988805743367
0.99999999988982557486
0.99999999989157506430
0.99999999989331922468
0.99999999989503196574
0.99999999989671672918
0.99999999989834997827
0.99999999989995957961
0.99999999990154708751
0.99999999990309540454
0.99999999990462340449
0.99999999990611276868
0.99999999990757326707
0.99999999990900922953
0.99999999991042176628
0.99999999991179389092
0.99999999991316179671
0.99999999991449939341
0.99999999991581844938
0.99999999991712906766
0.99999999991841970193
0.99999999991969656943
0.99999999992095778278
0.99999999992219135159
0.99999999992341048749
0.99999999992459365217
0.99999999992575150376
0.99999999992689281303
0.99999999992800792104
0.99999999992910160174
0.99999999993018295896
0.99999999993125487929
0.99999999993231791784
0.99999999993335531023
0.99999999993438293266
0.99999999993537413978
0.99999999993633936768
0.99999999993728316827
0.99999999993821153677
0.99999999993913724072
0.99999999994004218351
0.99999999994093369260
0.99999999994180155394
0.99999999994266286496
0.99999999994351429500
0.99999999994434751738
0.99999999994516330926
0.99999999994597243980
0.99999999994675115023
0.99999999994752719612
0.99999999994829968930
0.99999999994906108025
0.99999999994981147999
0.99999999995055455226
0.99999999995128308061
0.99999999995199817526
0.99999999995269983621
0.99999999995339372560
0.99999999995407995446
0.99999999995474297965
0.99999999995539112785
0.99999999995602995018
0.99999999995665145303
0.99999999995726673863
0.99999999995787935969
0.99999999995847943524
0.99999999995907340455
0.99999999995965727084
0.99999999996023691828
0.99999999996080157771
0.99999999996134858460
0.99999999996189281593
0.99999999996242572298
0.99999999996294908211
0.99999999996345956266
0.99999999996395383395
0.99999999996444599581
0.99999999996493160737
0.99999999996541033553
0.99999999996587563000
0.99999999996633592847
0.99999999996678556879
0.99999999996723409890
0.99999999996767541255
0.99999999996811295144
0.99999999996854105344
0.99999999996896526966
0.99999999996938371272
0.99999999996980115657
0.99999999997020794229
0.99999999997061017609
0.99999999997100397220
0.99999999997139232821
0.99999999997177801969
0.99999999997215649472
0.99999999997253297135
0.99999999997289990006
0.99999999997326105561
0.99999999997361888049
0.99999999997396937790
0.99999999997431066046
0.99999999997464772417
0.99999999997497912574
0.99999999997530597540
0.99999999997562738496
0.99999999997594368750
0.99999999997625721448
0.99999999997656452422
0.99999999997686750408
0.99999999997716715328
0.99999999997746369385
0.99999999997775435023
0.99999999997803767915
0.99999999997831945375
0.99999999997859856382
0.99999999997887156766
0.99999999997914001959
0.99999999997940769436
0.99999999997966815268
0.99999999997992750078
0.99999999998017918834
0.99999999998042776728
0.99999999998067357065
0.99999999998091337883
0.99999999998115052247
0.99999999998138477952
0.99999999998161692716
0.99999999998184652128
0.99999999998206923202
0.99999999998229105458
0.99999999998250721500
0.99999999998272148805
0.99999999998293431780
0.99999999998314392791
0.99999999998335009632
0.99999999998355471043
0.99999999998375244115
0.99999999998394972778
0.99999999998414557112
0.99999999998434041526
0.99999999998453092953
0.99999999998471977847
0.99999999998490385344
0.99999999998508715127
0.99999999998526656331
0.99999999998544308877
0.99999999998561805992
0.99999999998579169880
0.99999999998596089679
0.99999999998612953966
0.99999999998629507392
0.99999999998645927590
0.99999999998662147949
0.99999999998678201774
0.99999999998693700487
0.99999999998708910542
0.99999999998723931860
0.99999999998738664519
0.99999999998753108521
0.99999999998767463705
0.99999999998781696764
0.99999999998795696676
0.99999999998809585566
0.99999999998823307923
0.99999999998836885950
0.99999999998850164218
0.99999999998863187134
0.99999999998876121232
0.99999999998888955410
0.99999999998901478726
0.99999999998913913224
0.99999999998926136779
0.99999999998938338130
0.99999999998950417357
0.99999999998962285641
0.99999999998973898574
0.99999999998985367178
0.99999999998996758066
0.99999999999008015727
0.99999999999019084651
0.99999999999030075859
0.99999999999040956045
0.99999999999051714106
0.99999999999062372247
0.99999999999072841650
0.99999999999083144520
0.99999999999093369674
0.99999999999103561521
0.99999999999113564630
0.99999999999123445615
0.99999999999133137862
0.99999999999142596963
0.99999999999151989449
0.99999999999161226505
0.99999999999170208209
0.99999999999179167709
0.99999999999187938471
0.99999999999196553802
0.99999999999205124723
0.99999999999213617929
0.99999999999222055624
0.99999999999230404502
0.99999999999238642356
0.99999999999246802496
0.99999999999254740590
0.99999999999262612072
0.99999999999270461348
0.99999999999278177398
0.99999999999285860142
0.99999999999293442965
0.99999999999300870357
0.99999999999308242238
0.99999999999315525301
0.99999999999322775057
0.99999999999329902689
0.99999999999336941503
0.99999999999343769375
0.99999999999350541735
0.99999999999357225278
0.99999999999363820002
0.99999999999370359216
0.99999999999376820714
0.99999999999383115679
0.99999999999389355132
0.99999999999395539074
0.99999999999401645301
0.99999999999407729323
0.99999999999413702323
0.99999999999419597607
0.99999999999425392971
0.99999999999431099518
0.99999999999436806064
0.99999999999442357179
0.99999999999447830579
0.99999999999453248467
0.99999999999458577538
0.99999999999463817790
0.99999999999468947021
0.99999999999474020740
0.99999999999479050050
0.99999999999484057156
0.99999999999489008751
0.99999999999493927039
0.99999999999498745407
0.99999999999503508263
0.99999999999508226711
0.99999999999512856341
0.99999999999517485971
0.99999999999521993477
0.99999999999526478778
0.99999999999530919670
0.99999999999535316153
0.99999999999539690432
0.99999999999544020302
0.99999999999548283558
0.99999999999552491303
0.99999999999556621333
0.99999999999560751363
0.99999999999564814779
0.99999999999568855991
0.99999999999572830589
0.99999999999576705267
0.99999999999580546639
0.99999999999584343602
0.99999999999588085053
0.99999999999591804301
0.99999999999595490241
0.99999999999599098466
0.99999999999602628975
0.99999999999606126178
0.99999999999609590073
0.99999999999613009560
0.99999999999616373536
0.99999999999619704205
0.99999999999622968261
0.99999999999626199010
0.99999999999629418657
0.99999999999632593894
0.99999999999635758030
0.99999999999638855552
0.99999999999641930870
0.99999999999644939574
0.99999999999647914972
0.99999999999650868165
0.99999999999653799154
0.99999999999656685734
0.99999999999659561212
0.99999999999662392280
0.99999999999665201145
0.99999999999667998907
0.99999999999670741158
0.99999999999673439000
0.99999999999676092433
0.99999999999678734763
0.99999999999681310481
0.99999999999683875096
0.99999999999686406404
0.99999999999688904406
0.99999999999691380204
0.99999999999693811592
0.99999999999696220776
0.99999999999698618858
0.99999999999700994735
0.99999999999703315101
0.99999999999705613263
0.99999999999707878118
0.99999999999710120768
0.99999999999712319010
0.99999999999714495047
0.99999999999716659982
0.99999999999718802712
0.99999999999720901034
0.99999999999722988253
0.99999999999725064370
0.99999999999727107181
0.99999999999729138889
0.99999999999731126188
0.99999999999733102385
0.99999999999735045275
0.99999999999736943757
0.99999999999738831136
0.99999999999740696310
0.99999999999742550383
0.99999999999744371149
0.99999999999746191914
0.99999999999748001578
0.99999999999749789037
0.99999999999751554292
0.99999999999753297342
0.99999999999755018187
0.99999999999756716829
0.99999999999758404368
0.99999999999760069702
0.99999999999761712832
0.99999999999763322656
0.99999999999764910275
0.99999999999766486791
0.99999999999768041103
0.99999999999769573211
0.99999999999771094217
0.99999999999772593018
0.99999999999774080717
0.99999999999775568416
0.99999999999777033910
0.99999999999778499404
0.99999999999779931592
0.99999999999781352678
0.99999999999782762661
0.99999999999784161542
0.99999999999785538218
0.99999999999786914895
0.99999999999788280469
0.99999999999789623839
0.99999999999790945004
0.99999999999792266170
0.99999999999793565131
0.99999999999794841887
0.99999999999796107542
0.99999999999797350991
0.99999999999798594441
0.99999999999799826789
0.99999999999801048034
0.99999999999802258177
0.99999999999803446116
0.99999999999804622952
0.99999999999805788686
0.99999999999806954420
0.99999999999808109052
0.99999999999809252582
0.99999999999810385010
0.99999999999811506335
0.99999999999812616558
0.99999999999813715679
0.99999999999814803697
0.99999999999815880614
0.99999999999816946428
0.99999999999818001140
0.99999999999819055851
0.99999999999820099461
0.99999999999821131969
0.99999999999822153374
0.99999999999823152574
0.99999999999824140673
0.99999999999825128771
0.99999999999826105768
0.99999999999827082764
0.99999999999828048658
0.99999999999829003450
0.99999999999829947139
0.99999999999830879727
0.99999999999831812314
0.99999999999832733799
0.99999999999833644182
0.99999999999834543463
0.99999999999835442743
0.99999999999836330922
0.99999999999837207998
0.99999999999838085074
0.99999999999838951048
0.99999999999839817022
0.99999999999840660792
0.99999999999841504561
0.99999999999842337228
0.99999999999843158793
0.99999999999843969256
0.99999999999844779719
0.99999999999845579080
0.99999999999846367338
0.99999999999847155596
0.99999999999847932752
0.99999999999848709908
0.99999999999849475962
0.99999999999850230914
0.99999999999850974763
0.99999999999851718613
0.99999999999852462462
0.99999999999853195209
0.99999999999853916854
0.99999999999854638499
0.99999999999855349042
0.99999999999856059585
0.99999999999856759025
0.99999999999857447364
0.99999999999858135702
0.99999999999858812938
0.99999999999859490174
0.99999999999860156308
0.99999999999860822442
0.99999999999861477473
0.99999999999862132505
0.99999999999862787536
0.99999999999863431466
0.99999999999864075395
0.99999999999864708222
0.99999999999865341049
0.99999999999865962774
0.99999999999866584499
0.99999999999867195122
0.99999999999867805744
0.99999999999868405265
0.99999999999869004785
0.99999999999869593204
0.99999999999870181622
0.99999999999870758938
0.99999999999871325151
0.99999999999871891365
0.99999999999872457579
0.99999999999873023793
0.99999999999873578904
0.99999999999874134016
0.99999999999874678025
0.99999999999875222034
0.99999999999875754941
0.99999999999876287848
0.99999999999876820755
0.99999999999877342560
0.99999999999877864365
0.99999999999878375068
0.99999999999878885770
0.99999999999879396473
0.99999999999879896073
0.99999999999880395674
0.99999999999880895274
0.99999999999881394874
0.99999999999881894475
0.99999999999882382973
0.99999999999882871471
0.99999999999883359969
0.99999999999883837365
0.99999999999884314761
0.99999999999884792157
0.99999999999885258450
0.99999999999885724744
0.99999999999886191038
0.99999999999886657331
0.99999999999887112523
0.99999999999887567714
0.99999999999888022906
0.99999999999888466995
0.99999999999888911084
0.99999999999889344071
0.99999999999889777058
0.99999999999890210045
0.99999999999890643032
0.99999999999891076019
0.99999999999891497904
0.99999999999891919789
0.99999999999892341673
0.99999999999892752456
0.99999999999893163238
0.99999999999893574021
0.99999999999893973701
0.99999999999894373381
0.99999999999894773062
0.99999999999895172742
0.99999999999895561320
0.99999999999895949898
0.99999999999896338476
0.99999999999896727054
0.99999999999897104530
0.99999999999897482006
0.99999999999897859482
0.99999999999898236958
0.99999999999898614433
0.99999999999898980807
0.99999999999899347181
0.99999999999899713554
0.99999999999900079928
0.99999999999900446301
0.99999999999900801573
0.99999999999901156844
0.99999999999901512115
0.99999999999901867387
0.99999999999902211556
0.99999999999902555725
0.99999999999902899894
0.99999999999903244063
0.99999999999903588233
0.99999999999903932402
0.99999999999904265469
0.99999999999904598535
0.99999999999904931602
0.99999999999905264669
0.99999999999905597736
0.99999999999905930803
0.99999999999906252768
0.99999999999906574732
0.99999999999906896697
0.99999999999907218662
0.99999999999907540627
0.99999999999907862591
0.99999999999908184556
0.99999999999908495418
0.99999999999908806281
0.99999999999909117143
0.99999999999909428006
0.99999999999909738868
0.99999999999910038628
0.99999999999910338389
0.99999999999910638149
0.99999999999910937909
0.99999999999911237669
0.99999999999911537429
0.99999999999911837190
0.99999999999912125848
0.99999999999912414506
0.99999999999912703164
0.99999999999912991822
0.99999999999913280480
0.99999999999913569138
0.99999999999913857796
0.99999999999914146454
0.99999999999914435111
0.99999999999914712667
0.99999999999914990223
0.99999999999915267779
0.99999999999915545335
0.99999999999915822890
0.99999999999916100446
0.99999999999916366900
0.99999999999916633353
0.99999999999916899807
0.99999999999917166260
0.99999999999917432714
0.99999999999917699167
0.99999999999917965621
0.99999999999918232074
0.99999999999918498528
0.99999999999918764981
0.99999999999919020333
0.99999999999919275684
0.99999999999919531035
0.99999999999919786386
0.99999999999920041738
0.99999999999920297089
0.99999999999920552440
0.99999999999920807792
0.99999999999921052041
0.99999999999921296290
0.99999999999921540539
0.99999999999921784788
0.99999999999922029037
0.99999999999922273286
0.99999999999922517535
0.99999999999922761784
0.99999999999923006033
0.99999999999923250282
0.99999999999923494531
0.99999999999923738780
0.99999999999923971927
0.99999999999924205074
0.99999999999924438221
0.99999999999924671368
0.99999999999924904515
0.99999999999925137661
0.99999999999925370808
0.99999999999925603955
0.99999999999925837102
0.99999999999926070249
0.99999999999926303396
0.99999999999926536542
0.99999999999926769689
0.99999999999926991734
0.99999999999927213779
0.99999999999927435823
0.99999999999927657868
0.99999999999927879912
0.99999999999928101957
0.99999999999928324002
0.99999999999928546046
0.99999999999928768091
0.99999999999928990135
0.99999999999929212180
0.99999999999929434225
0.99999999999929656269
0.99999999999929878314
0.99999999999930100358
0.99999999999930311301
0.99999999999930522243
0.99999999999930733185
0.99999999999930944128
0.99999999999931155070
0.99999999999931366013
0.99999999999931576955
0.99999999999931787897
0.99999999999931998840
0.99999999999932209782
0.99999999999932420724
0.99999999999932631667
0.99999999999932842609
0.99999999999933053552
0.99999999999933264494
0.99999999999933475436
0.99999999999933675277
0.99999999999933875117
0.99999999999934074957
0.99999999999934274797
0.99999999999934474637
0.99999999999934674477
0.99999999999934874317
0.99999999999935074158
0.99999999999935273998
0.99999999999935473838
0.99999999999935673678
0.99999999999935873518
0.99999999999936073358
0.99999999999936273198
0.99999999999936473039
0.99999999999936672879
0.99999999999936872719
0.99999999999937072559
0.99999999999937272399
0.99999999999937461137
0.99999999999937649875
0.99999999999937838613
0.99999999999938027351
0.99999999999938216089
0.99999999999938404827
0.99999999999938593565
0.99999999999938782302
0.99999999999938971040
0.99999999999939159778
0.99999999999939348516
0.99999999999939537254
0.99999999999939725992
0.99999999999939914730
0.99999999999940103468
0.99999999999940292206
0.99999999999940480944
0.99999999999940669682
0.99999999999940858419
0.99999999999941047157
0.99999999999941235895
0.99999999999941424633
0.99999999999941613371
0.99999999999941802109
0.99999999999941990847
0.99999999999942168483
0.99999999999942346118
0.99999999999942523754
0.99999999999942701390
0.99999999999942879025
0.99999999999943056661
0.99999999999943234297
0.99999999999943411932
0.99999999999943589568
0.99999999999943767204
0.99999999999943944839
0.99999999999944122475
0.99999999999944300111
0.99999999999944477747
0.99999999999944655382
0.99999999999944833018
0.99999999999945010654
0.99999999999945188289
0.99999999999945365925
0.99999999999945543561
0.99999999999945721196
0.99999999999945898832
0.99999999999946076468
0.99999999999946254103
0.99999999999946431739
0.99999999999946609375
0.99999999999946787010
0.99999999999946964646
0.99999999999947142282
0.99999999999947308815
0.99999999999947475349
0.99999999999947641882
0.99999999999947808416
0.99999999999947974949
0.99999999999948141483
0.99999999999948308016
0.99999999999948474549
0.99999999999948641083
0.99999999999948807616
0.99999999999948974150
0.99999999999949140683
0.99999999999949307217
0.99999999999949473750
0.99999999999949640284
0.99999999999949806817
0.99999999999949973351
0.99999999999950139884
0.99999999999950306417
0.99999999999950472951
0.99999999999950639484
0.99999999999950806018
0.99999999999950972551
0.99999999999951139085
0.99999999999951305618
0.99999999999951472152
0.99999999999951638685
0.99999999999951805219
0.99999999999951971752
0.99999999999952138285
0.99999999999952304819
0.99999999999952471352
0.99999999999952637886
0.99999999999952804419
0.99999999999952970953
0.99999999999953126384
0.99999999999953281815
0.99999999999953437246
0.99999999999953592678
0.99999999999953748109
0.99999999999953903540
0.99999999999954058971
0.99999999999954214402
0.99999999999954369834
0.99999999999954525265
0.99999999999954680696
0.99999999999954836127
0.99999999999954991559
0.99999999999955146990
0.99999999999955302421
0.99999999999955457852
0.99999999999955613283
0.99999999999955768715
0.99999999999955924146
0.99999999999956079577
0.99999999999956235008
0.99999999999956390440
0.99999999999956545871
0.99999999999956701302
0.99999999999956856733
0.99999999999957012164
0.99999999999957167596
0.99999999999957323027
0.99999999999957478458
0.99999999999957633889
0.99999999999957789321
0.99999999999957944752
0.99999999999958100183
0.99999999999958255614
0.99999999999958411045
0.99999999999958566477
0.99999999999958721908
0.99999999999958877339
0.99999999999959021668
0.99999999999959165997
0.99999999999959310326
0.99999999999959454655
0.99999999999959598984
0.99999999999959743313
0.99999999999959887642
0.99999999999960031971
0.99999999999960176300
0.99999999999960320629
0.99999999999960464958
0.99999999999960609287
0.99999999999960753616
0.99999999999960897945
0.99999999999961042274
0.99999999999961186603
0.99999999999961330932
0.99999999999961475261
0.99999999999961619590
0.99999999999961763919
0.99999999999961908248
0.99999999999962052577
0.99999999999962196906
0.99999999999962341235
0.99999999999962485564
0.99999999999962629893
0.99999999999962774222
0.99999999999962918551
0.99999999999963062880
0.99999999999963207209
0.99999999999963351538
0.99999999999963495867
0.99999999999963640196
0.99999999999963784525
0.99999999999963928854
0.99999999999964073183
0.99999999999964217512
0.99999999999964361841
0.99999999999964506170
0.99999999999964650499
0.99999999999964794828
0.99999999999964939157
0.99999999999965083486
0.99999999999965227815
0.99999999999965372144
0.99999999999965516473
0.99999999999965649700
0.99999999999965782926
0.99999999999965916153
0.99999999999966049380
0.99999999999966182607
0.99999999999966315833
0.99999999999966449060
0.99999999999966582287
0.99999999999966715514
0.99999999999966848740
0.99999999999966981967
0.99999999999967115194
0.99999999999967248421
0.99999999999967381648
0.99999999999967514874
0.99999999999967648101
0.99999999999967781328
0.99999999999967914555
0.99999999999968047781
0.99999999999968181008
0.99999999999968314235
0.99999999999968447462
0.99999999999968580688
0.99999999999968713915
0.99999999999968847142
0.99999999999968980369
0.99999999999969113595
0.99999999999969246822
0.99999999999969380049
0.99999999999969513276
0.99999999999969646503
0.99999999999969779729
0.99999999999969912956
0.99999999999970046183
0.99999999999970179410
0.99999999999970312636
0.99999999999970445863
0.99999999999970579090
0.99999999999970712317
0.99999999999970845543
0.99999999999970978770
0.99999999999971111997
0.99999999999971245224
0.99999999999971378450
0.99999999999971511677
0.99999999999971644904
0.99999999999971778131
0.99999999999971911357
0.99999999999972044584
0.99999999999972177811
0.99999999999972311038
0.99999999999972433162
0.99999999999972555287
0.99999999999972677411
0.99999999999972799536
0.99999999999972921660
0.99999999999973043785
0.99999999999973165909
0.99999999999973288034
0.99999999999973410159
0.99999999999973532283
0.99999999999973654408
0.99999999999973776532
0.99999999999973898657
0.99999999999974020781
0.99999999999974142906
0.99999999999974265030
0.99999999999974387155
0.99999999999974509279
0.99999999999974631404
0.99999999999974753528
0.99999999999974875653
0.99999999999974997777
0.99999999999975119902
0.99999999999975242027
0.99999999999975364151
0.99999999999975486276
0.99999999999975608400
0.99999999999975730525
0.99999999999975852649
0.99999999999975974774
0.99999999999976096898
0.99999999999976219023
0.99999999999976341147
0.99999999999976463272
0.99999999999976585396
0.99999999999976707521
0.99999999999976829645
0.99999999999976951770
0.99999999999977073895
0.99999999999977196019
0.99999999999977318144
0.99999999999977440268
0.99999999999977562393
0.99999999999977684517
0.99999999999977806642
0.99999999999977928766
0.99999999999978050891
0.99999999999978173015
0.99999999999978295140
0.99999999999978417264
0.99999999999978539389
0.99999999999978661513
0.99999999999978783638
0.99999999999978905763
0.99999999999979027887
0.99999999999979138909
0.99999999999979249932
0.99999999999979360954
0.99999999999979471976
0.99999999999979582999
0.99999999999979694021
0.99999999999979805043
0.99999999999979916065
0.99999999999980027088
0.99999999999980138110
0.99999999999980249132
0.99999999999980360155
0.99999999999980471177
0.99999999999980582199
0.99999999999980693222
0.99999999999980804244
0.99999999999980915266
0.99999999999981026289
0.99999999999981137311
0.99999999999981248333
0.99999999999981359355
0.99999999999981470378
0.99999999999981581400
0.99999999999981692422
0.99999999999981803445
0.99999999999981914467
0.99999999999982025489
0.99999999999982136512
0.99999999999982247534
0.99999999999982358556
0.99999999999982469578
0.99999999999982580601
0.99999999999982691623
0.99999999999982802645
0.99999999999982913668
0.99999999999983024690
0.99999999999983135712
0.99999999999983246735
0.99999999999983357757
0.99999999999983468779
0.99999999999983579801
0.99999999999983690824
0.99999999999983801846
0.99999999999983912868
0.99999999999984023891
0.99999999999984134913
0.99999999999984245935
0.99999999999984356958
0.99999999999984467980
0.99999999999984579002
0.99999999999984690024
0.99999999999984801047
0.99999999999984912069
0.99999999999985023091
0.99999999999985134114
0.99999999999985245136
0.99999999999985345056
0.99999999999985444976
0.99999999999985544896
0.99999999999985644816
0.99999999999985744736
0.99999999999985844656
0.99999999999985944577
0.99999999999986044497
0.99999999999986144417
0.99999999999986244337
0.99999999999986344257
0.99999999999986444177
0.99999999999986544097
0.99999999999986644017
0.99999999999986743937
0.99999999999986843857
0.99999999999986943777
0.99999999999987043697
0.99999999999987143617
0.99999999999987243537
0.99999999999987343458
0.99999999999987443378
0.99999999999987543298
0.99999999999987643218
0.99999999999987743138
0.99999999999987843058
0.99999999999987942978
0.99999999999988042898
0.99999999999988142818
0.99999999999988242738
0.99999999999988342658
0.99999999999988442578
0.99999999999988542498
0.99999999999988642418
0.99999999999988742339
0.99999999999988842259
0.99999999999988942179
0.99999999999989042099
0.99999999999989142019
0.99999999999989241939
0.99999999999989341859
0.99999999999989441779
0.99999999999989541699
0.99999999999989641619
0.99999999999989741539
0.99999999999989841459
0.99999999999989941379
0.99999999999990041299
0.99999999999990141220
0.99999999999990241140
0.99999999999990341060
0.99999999999990440980
0.99999999999990540900
0.99999999999990640820
0.99999999999990740740
0.99999999999990840660
0.99999999999990940580
0.99999999999991040500
0.99999999999991129318
0.99999999999991218136
0.99999999999991306954
0.99999999999991395772
0.99999999999991484589
0.99999999999991573407
0.99999999999991662225
0.99999999999991751043
0.99999999999991839861
0.99999999999991928679
0.99999999999992017496
0.99999999999992106314
0.99999999999992195132
0.99999999999992283950
0.99999999999992372768
0.99999999999992461586
0.99999999999992550404
0.99999999999992639221
0.99999999999992728039
0.99999999999992816857
0.99999999999992905675
0.99999999999992994493
0.99999999999993083311
0.99999999999993172128
0.99999999999993260946
0.99999999999993349764
0.99999999999993438582
0.99999999999993527400
0.99999999999993616218
0.99999999999993705035
0.99999999999993793853
0.99999999999993882671
0.99999999999993971489
0.99999999999994060307
0.99999999999994149125
0.99999999999994237943
0.99999999999994326760
0.99999999999994415578
0.99999999999994504396
0.99999999999994593214
0.99999999999994682032
0.99999999999994770850
0.99999999999994859667
0.99999999999994948485
0.99999999999995037303
0.99999999999995126121
0.99999999999995214939
0.99999999999995303757
0.99999999999995392574
0.99999999999995481392
0.99999999999995570210
0.99999999999995659028
0.99999999999995747846
0.99999999999995836664
0.99999999999995925481
0.99999999999996014299
0.99999999999996092015
0.99999999999996169731
0.99999999999996247446
0.99999999999996325162
0.99999999999996402877
0.99999999999996480593
0.99999999999996558309
0.99999999999996636024
0.99999999999996713740
0.99999999999996791455
0.99999999999996869171
0.99999999999996946887
0.99999999999997024602
0.99999999999997102318
0.99999999999997180034
0.99999999999997257749
0.99999999999997335465
0.99999999999997413180
0.99999999999997490896
0.99999999999997568612
0.99999999999997646327
0.99999999999997724043
0.99999999999997801758
0.99999999999997879474
0.99999999999997957190
0.99999999999998034905
0.99999999999998112621
0.99999999999998190336
0.99999999999998268052
0.99999999999998345768
0.99999999999998423483
0.99999999999998501199
0.99999999999998578915
0.99999999999998656630
0.99999999999998734346
0.99999999999998812061
0.99999999999998889777
0.99999999999998967493
0.99999999999999045208
0.99999999999999111822
0.99999999999999178435
0.99999999999999245048
0.99999999999999311662
0.99999999999999378275
0.99999999999999444888
0.99999999999999511502
0.99999999999999578115
0.99999999999999644729
0.99999999999999711342
0.99999999999999777955
0.99999999999999833467
0.99999999999999866773
0.99999999999999900080
0.99999999999999922284
0.99999999999999944489
0.99999999999999944489
